702094734
1288852534
2079751509
1578929658
1983809809
1490074088
24311635
1693025774
1000853853
1585146935
230945110
810143513
131666178
1790955188
1497798676
2085278874
326286295
904542768
1696233442
1215155512
521660137
37479755
1885787193
334945885
720666537
231519284
2092386890
1591778959
1987256049
1499435337
1202119090
1418364413
918471762
347428883
1115905368
1192257710
699867775
572231928
70730019
384401970
1931735213
1362449682
1848888400
190028772
1743686581
95241336
379084340
866782893
281048474
1833895835
186632550
1740008176
84372981
572765855
1841686165
1261050838
1745510924
77678194
278601214
759838398
176835130
662369177
1935510137
1338831871
1830085178
169572423
1736208282
1144132969
564854808
2123091143
177351644
1723889589
1150273687
559316373
1055771048
