1128704096
1707207433
354308197
2000401699
1319742410
838936251
1614099150
64506145
451666801
2099175482
1900849337
343753694
730676347
1314935354
2102465898
536909236
2005989859
1510462120
150510890
1808192947
44041731
638159533
1412175602
1999098025
1321799246
829646397
1603509420
44985853
1509403124
1033700769
730478054
1331005346
1710251603
148415684
931650024
1513246384
1908669737
1423051239
60402817
632804569
2101211435
1622079422
152384606
747556426
771845557
1359446485
1747735672
1250283375
1717329475
151813536
1228806773
2006492140
